% 导入实验数据（示例）
soc_data = [0,0.05,0.1,0.15,0.2,0.25,0.3,0.35,0.4,0.45,0.5,0.55,0.6,0.65,0.7,0.75,0.8,0.85,0.9,0.95,1];
ocv_data = [15.9,17.058,17.907,18.564,19.158,19.71,20.19,20.619,21.051,21.519,21.978,22.398,22.752,23.058,23.424,23.889,24.2973,24.5868,24.792,24.978,25.404
];
