ocv_data = [3.0,5.0,7.0,9.0,11.0];
